16   18   1    8    9    17   1    2    
12   11   10   18   4    20   3    11   
4    0    5    7    17   0    19   13   
12   11   18   5    3    2    10   0    
1    18   1    16   0    7    10   10   
3    15   2    14   20   14   1    15   
17   6    17   7    11   19   6    14   
15   2    17   13   3    7    18   8    
2    15   7    17   20   5    8    13   
13   20   7    4    14   0    2    3    
8    10   10   17   20   11   12   12   
3    9    2    6    1    13   9    16   
